5437
2759

  742   781
  442   942
  968   856
  168   925
  377   714
  357   763
  217    75
  919   541
  694   819
  134   812
  487   825
  127   237
  299   810
  430   886
  359   306
 1000   846
   30   707
  238   618
  386   679
  669   208
  753    51
   59   953
  140   738
  596  1000
   57   682
  570   970
  384   824
  747   657
  586   315
   28   497
  861   919
  956   677
  524   785
  475   335
  339   306
  353   515
  785    98
  483   614
  958   202
  847   680
  868   853
  129   563
   49   948
  303   159
  378   125
  311   156
  836   471
  184   915
  412   981
  437   202
   39   468
  814   634
  883   947
  353   182
  932   246
  662   121
  394   279
  616   380
  480   306
  407   468
  376   610
   50   884
  633   277
  161   524
  682   833
  553   718
   25   258
  281  1000
  940   714
  465   955
  625    75
   67   279
  417   804
  585   601
  846   413
  750   242
  406   648
  569   845
  192   918
   11   484
   91   139
  850   503
  701   936
  918   491
  489   179
  744   115
  434   781
  955   806
  244    96
  354   165
  602   402
  697   790
  657   242
    8    57
   36   798
  458   471
  569   559
   68   954
  872   850
  992   390
  652   979
  969   650
  458    80
  601   690
  591   863
  455   220
  902   797
  964   788
  750   604
  900   135
  697   816
  250   209
  137    23
  123   227
   54   603
  125   428
   11   469
  633   643
  998    63
  315   606
   85   445
  298    10
  582   457
  579   912
   95   499
  352   288
  108   633
  982   525
  967   728
  916   317
  866   863
  359   875
  320   156
  402   586
  633   582
  739   160
  700   383
  209   604
  887    75
  289    46
  786   361
   88     2
  745   741
  475   593
  456   647
  282   772
   25   676
   59   757
  752   710
  922   108
  688   531
  854   946
  743   951
  999   518
  284   719
  564     2
  409   980
  953   289
  731   159
  605   487
  686   103
  225   332
  126   108
  573   735
  328   231
  725   876
   71   384
  408   417
  682   603
  713   867
  578   352
  662   791
   34   742
   46   647
  431   596
  872   636
  999   700
  326   491
  798   316
   88    61
  147   393
   21   998
  241   234
  941   106
  113   206
  353   247
  469   140
  796   699
  863   581
  243   707
  456    16
  319   764
  557   842
  756   578
  932   783
  833    83
   44   225
  936    39
  434   564
  144   847
  200    28
  949   454
  696   516
  394   496
  918   868
   92   982
  779   526
  335   371
  678    37
  527   303
  565   234
  637   933
  793   292
  553   722
  167   291
  766   845
  699   618
  385   717
  551   239
  435   388
  969   599
  782   230
  659   811
  756   477
  820   129
  883    37
  380   425
  205   447
  364   501
  684   884
  636   859
  315   208
  542    82
  535   568
   95   879
  700   601
  990   443
  652   927
  901   754
  346   830
    5   403
  973   361
  526   591
  488   253
  771   592
  694   784
  364   847
  211   851
  477   562
  445   650
  716   864
  225   828
  792   146
  578   171
  612   321
  597   242
  379   966
  216   998
  318    41
  488     2
  873   137
   82   715
  507   484
  873   948
  628   389
  718   119
  945    32
  214   641
  339   706
  221   297
  301   833
  784   445
  524   933
  576   976
  841   147
   67   308
  370   668
  196   136
  735   926
  786    38
  207   166
  783   588
  811   441
  839   604
  418   278
  848    18
  412    41
  560    18
  683   670
  210   276
  258   344
  779   533
  857    78
  785   419
  801    24
  946   140
  402   996
  426   260
  357     7
  247   881
   99   698
  471   108
  308   635
  513   863
  491   173
  873   301
  942   485
  404   659
   44   545
  179   777
  168   823
  461   884
  698   632
  461   555
  132   463
  131   260
   49   346
  334   875
  761   196
  711   990
  522   484
  425   424
  937   901
  244     8
  862   899
  760   269
  749   351
  711    24
  401   215
  995   534
  123   517
   23   969
  448   330
  538   482
  304   559
  869   677
  803    48
  310   240
  926   950
  909   185
  531   471
  356   764
  239   195
   27   318
   44   726
  577   216
  159   829
  439   355
  532   767
  750   101
  949   986
  233    62
  721   158
  461   386
  826   602
  508   618
  423   313
  977   833
  639    72
  446   120
  431   671
  394   526
   11   354
  934   992
  177   531
  190   969
   43   238
  149   214
   74   729
  801   168
  472   837
  909   103
  806    85
  189   520
  116   522
  308     3
  711   992
  410   131
  476   305
  274    50
  379   556
  831   569
  822   674
   54   737
  833   949
  246   105
  892   229
  276    68
  700   431
  371   246
  632   244
  105   851
  518   180
  237   572
  621   806
  381   703
  358   701
  787   497
  172    48
  807   147
  906   230
  688    15
  115   667
  516   317
   93   740
  552   686
  951   315
  649   340
  673   568
  728   180
  963   900
  163   297
  110   626
  673   134
  662   237
  278   704
  409   592
  732   630
  841   214
    2   349
  149   567
  534   636
  758   107
  687   665
  965   638
  678   559
  154   208
  914   757
  999   760
  674   731
  714   348
  101   555
   82   399
  869   250
  417   648
  354   378
  224   243
  683    77
  992   743
  504   128
  580   627
  395   586
  797   733
  828   279
  517    65
  860   453
  436     2
  273   986
  281   552
  568   496
  496   406
  120   759
  778   534
   35   509
   98   364
  760   124
   60   340
  835   176
  256   913
  807    91
  188   267
  922   631
  111   307
  398   304
   50   686
  207   939
  465   356
  664   879
  167   372
   96   295
  408   590
  162    32
   23   292
  475   549
  808   141
  805   533
  408   800
  584   150
  952   194
  927   472
  721   773
  256   760
  953   749
  997   351
  827   343
  632   135
  109   888
  148   986
  371   871
  870   606
  665  1000
  658   657
  797   902
  978   205
  787    36
  609   784
  114   145
   78   490
  131   422
  484   844
  530   372
  942   882
  990   711
   88   644
  874    33
  969   407
  494   908
  892   722
  231   864
  125   424
  682     5
  440   274
  457   566
  974   694
  436   882
  185    64
  529   496
  151   283
  718   582
  867   867
  826   262
  622    82
  875   974
  893   182
  915   554
  460   548
  844   696
  848    99
  450   392
   42   271
  472   374
  896   736
  434   462
  349   982
  489   258
  961   611
  222   451
  427   518
  230   145
  266   711
  795   697
  539   356
  963   434
  925   231
  857   516
   80   913
  186   430
  308   472
  578   810
  910   608
  485   815
  725   889
   57   738
  371   932
  952   507
  167    11
  940   615
  527   676
  363   887
   18   530
  402   796
  484   977
  494     6
  795   124
  597    88
  702    60
  379   513
  821   654
  721   753
  331   514
  376   421
  992   852
  506   578
  931   961
  329   730
  765   448
  554   662
  104   714
  729   441
  255   471
  288   852
  207   607
  570   307
  139   257
  345   803
  109   244
  455   118
  512   695
  778   597
  771   431
   25   512
 1000   725
  763   693
  850   185
  167   699
  580   935
  741   538
  111   748
  387   538
   12   365
   52   516
  183   116
  132   608
  556   569
  982   396
  796   809
  430   157
  591   109
  378   941
  837   977
  707   106
  872   375
  794   719
  409   503
  197   297
  411   534
  488   968
   77   753
  280   768
  464   620
  660   107
  864   731
  604   972
  640   259
  259   339
  894   238
  177   640
   21   730
  977   854
  986   485
  754   861
  254   335
  144   907
   73   596
  474   545
  736    53
  206   934
  405   209
  457   650
  549   701
  955    65
  952   413
  846    58
  241   645
  431   778
  188    25
    6   354
  303   558
 1000   754
  289   819
  948   600
  448   599
  322   361
  767   808
  150   803
  515   261
  748   973
  455   201
  310   699
  374   589
  441   849
  981   408
  878    20
  227    93
   84   808
  952   642
  434   169
  779   808
  458   657
  904   420
  401    90
  238   937
  131   329
  687   543
  268   520
  976   844
  257   359
  432   725
  381    94
  462   546
  896   976
  283   859
  745   679
  654   179
  764   577
  934   559
  598   124
  346   371
   29   219
  204   146
  725   605
  317   759
  901   238
   10   381
   56   652
  483     7
  736   512
  116   341
  476    71
  901   811
   50   141
  284   640
  616   189
  403  1000
  636   614
  387   902
  596   989
  815   738
  608   731
  278   243
  427   812
  488   449
  248   836
  505   649
  928   597
  604   854
  826   905
  711   560
  764   704
  724   964
  726   895
  919    16
  246   693
  827   665
  493    99
  776   419
  313   816
   39   676
  260   838
  238   613
  513   284
  566   630
  254   745
  817   613
  581   330
  794   259
  901   480
  981   555
  494   697
  853   928
  610   697
  748   650
  846    29
   61   940
  648    11
   77   941
   90   897
  584   552
  452   865
  632   651
  912   574
  265   881
  855   991
  671   852
  161   324
  777   123
  698   601
  527   171
  439   678
  686   621
  440   144
   28    60
   40   632
  846   889
  255   942
   24   781
  713   722
  436   986
  310   134
  323   198
  810   539
  122   389
  912   559
   60   562
  832   504
  821   914
   88   232
  494   230
  158   948
  516   131
  835   331
  203    95
  330   743
  185   329
  912   923
  965   165
  958   130
  605   964
  770   759
  455   716
  860   295
  391   137
  692   463
  264   879
  904   690
  502   395
   83   635
  735   701
  170   900
   42   596
  272   657
  447   614
   49    52
  566   738
  483   686
  348   357
  280   366
  912   637
  592   121
  708   485
  292   590
  391   789
  685   148
  903   692
  555   187
  588   941
  521   836
  311   173
   86    38
  169   453
  807   726
  552   535
   31   978
  652   473
  888   394
  712   993
  523   923
  668   116
   12   794
  216   384
  753   233
  514   586
  185   465
  928   164
  577   548
  145   903
  825   461
   78   337
  950   927
  111   546
  577   918
  847   673
  852   638
  801   918
  668   671
  780   468
  137   585
  362   965
  323   890
    7   481
  247   249
  580   213
  919   966
  218   908
  824   816
  980   637
  941   154
  334   416
  864   619
  746    94
  185   928
  321   596
  215   193
  766   843
  355   509
  302   160
  412   770
  996   331
  108   197
  873   334
  738   570
  424   116
  937   833
  584   875
  926   333
  794    63
  447   330
  754   325
  686   866
  227   873
  908   748
  491   652
  275   243
  742   181
  900   134
  734   530
   23    65
  103   532
  737    47
  449   821
  520   913
  671   463
   26   624
  756   338
  811    11
  693   537
  868   581
  313   577
  153    23
  109    71
  739   293
  669   405
  252   240
  165   177
  634   336
  773   379
  706   491
  979     8
  806   790
  690   503
  697   302
  296   648
  206   484
  341   628
  169   755
  783   301
  181   791
  707    82
  557   172
  437   727
  366   272
  465   447
  857    94
  195   199
  887   936
  760   161
  180   136
   71   737
  758    59
  882   704
  127    18
  710   618
  566   303
  778   782
  501   248
  941   970
  635   499
   48   344
  696    31
  810   184
  153   562
  354   171
  386   620
  751   450
  600   695
  116    73
  745    18
  351   180
    2   672
  632   396
  408   634
  383   453
  707   846
  726   983
  340   481
  446   688
  624   776
  613   362
  548   639
  276   318
  616   637
  951   732
  648    52
  158   726
  437   872
  553   416
  995   132
  120   902
  699   571
  159   235
  673   497
  753   496
  360   631
  260   225
  553   565
  138   184
  610   135
  280   381
  395   199
  166   987
  435   395
  543   423
  754   170
  787   855
  304   408
   32   389
  202    27
   56   183
  229   530
  731    77
  650   193
  148   742
  538   659
  562   686
  227    77
  541   688
  305   299
 1000    92
  392   505
  366   278
  916   224
  444   907
  340   355
  902   384
  315   861
  214   561
  486   672
  520   258
  516   356
  609   182
  431   371
  693   689
  561   973
  591   588
  185   605
  187   357
  741   367
  184   856
  762    52
  361   327
  822    76
  498   905
  191   318
  672   274
   92    23
  169   830
   25   252
  539   147
  800   174
  152    34
  370   482
  767   641
  126   953
  846   969
  344   419
  611   847
  979   747
  914   338
  705   255
  921   280
  846   126
  351   436
  157   102
  195   160
  570   297
    8   699
  703   971
  510   759
  890   835
  868    57
  331   155
  161   534
  276   302
  963   559
  673   662
  478    25
   46   526
  374   931
  560   666
  256   805
  452   434
  458   281
  851   133
  411   425
  727   815
  149   349
  335   241
  567    46
   86   274
   79    20
  490    95
  957   441
  961   372
  234    80
  349   479
  183   413
   80   925
  522   571
  987   539
  820    68
  672   275
  982   664
  119   441
  105    69
  997   897
  796   294
  105   632
   64    60
  105   283
  288   478
  633   183
  124   854
   35   726
  773   122
  802   922
  723   820
  656   282
  785   814
  608   767
  426   797
  486   657
  677   985
  778   747
  908   278
  187   951
  499   810
  456   271
  187   787
  426   121
  590   276
  693   126
  389   492
  733    64
  180   980
  909   246
  223     3
  107   429
  615   272
  128   124
  973   690
   43   140
  711   711
  845   122
  432    79
  711    11
  361   501
  575   323
  869   362
   66   457
  963   517
  339   243
  652   275
  874   937
  909   879
  247   416
  758   974
  518   854
  504   857
  885    85
  166   152
  255   703
  290   856
   69   228
  177   553
   99   578
  912   662
  214   393
  453   937
  125   801
  403   570
  285    27
   93   204
  846   274
  211   173
  307   700
  362   712
  887   176
  590   489
  666   134
  803    52
  980   893
  281   786
  712   621
  486   529
  473   650
  157   366
  731   257
  596   122
  784   578
  499   454
  227   362
  496     5
   65   988
   24   453
  587   252
  720   552
  320  1000
  713   797
  304   171
  730   687
  987   399
  959   887
  407   125
  744   842
  505   684
  444   153
  659   645
   36    49
  139   967
   12   391
  812   907
  348   658
  909   286
  445   916
  976   878
    6   262
  974   339
  182   687
  501   716
  884   201
  699   339
  387    25
  228   918
   17    49
  191   603
  839   875
  696   383
   42   676
  318   883
  559   810
  796   715
  966   940
  173   596
  453   781
  232   322
  934   156
  980   107
  875   731
   76   124
  973   985
   67   293
  699    22
  827   731
  568   435
   71   403
  309   228
  657   158
  910   995
  926   213
  801   146
  165   170
  840   933
  190   464
  584    73
  503   209
  986   637
  506   698
  230   828
  650   716
  176   875
  276   490
  491   261
  467   866
  409   201
  427   770
   45    44
  799   433
  191   601
  375   711
  766   738
  409   649
   21   121
   15   789
  700   239
  817   510
  623   752
  633   189
  947   729
  325   196
  292   432
  394   176
  125   695
  867   723
  263   420
  801   162
  930   863
  388   266
  745   776
  152   106
  239   685
  635    21
  144    86
   50   734
  619   941
  316   256
  275   637
  950   825
  989   950
  621   115
  492   905
  394   839
  239   254
  127   462
  236   608
  128   197
  669    10
  469   868
   89   889
  707    75
  390   653
  555   185
  370   388
  234   523
  401   669
  247   726
  513   582
  644   721
  689   699
  388   801
  360   540
  642   938
  890   865
  850   599
  196    92
  673   767
  601   339
  110   372
  101   433
  388   449
  190   592
  552   583
  235   118
  653   588
  205   793
  951   985
  362   959
  756   622
  160   582
  838    20
  326   717
  878   502
  550   941
  643   541
  423   400
  687   743
  687   908
  562   851
  414   436
  560   924
   30   668
  157   728
  350    14
  353   131
  493   238
  391   173
  659   398
  375   564
   59   991
   99   911
  829   269
  127   545
  641   301
  481   798
  366   262
  320    29
  376    57
  970   426
  567   390
  213   103
  716   316
  598   678
  863   893
  648   902
  459   124
  245   383
  115   348
  496   795
   62   830
   42   668
  542    38
  203   932
  207   931
  321   820
    2   521
  940   277
  441   885
  962   309
  501   636
  525   270
  547   520
  802    57
  509   416
  670   882
  172   643
  609   568
  892   337
  524   475
  400   454
  606   994
  444   924
  562   577
  177   684
  301   196
  338   352
  827   218
  150   480
  937   728
  751   431
  829   568
  303   865
  385   999
  370   187
  439   520
  478   207
  574   720
  846   883
  139    31
   47   637
  683   671
   90   917
  500   285
  856   839
  411   705
  380   259
  624   347
  657   187
   55   580
  268   320
  839   366
  117   313
  317   977
   87   610
  371   435
  463   517
  497   987
  713   335
  205   891
  189   545
  431   223
  809   745
  925    70
  584   989
  974   468
  232   404
  642   161
  545   977
  702   386
  514   749
  334    90
  125   239
  978   620
  514    34
  403    16
  738   915
  647    64
  522   150
  559   797
  375   236
   82    83
  376   947
  123   110
   47   410
   22   471
  202   791
  328   263
  446   840
  115   398
  483   394
  968   976
  186    81
  111   726
  434   220
   11   852
  898   252
  449    60
  994   601
  278   983
  866   601
  840   579
  540   822
  205   685
  173   963
   32    44
   78    83
   34   984
   33   581
  484   381
  279   616
   43   968
  998   503
  396   612
  640   617
  711   161
  463   793
  561   883
  772   156
  249   642
  950   564
  836   115
  400    88
  987   234
  819   349
   50   754
  147   966
  452    91
  518   555
  258   671
  598   753
  506   545
  128   126
  148   466
  189   495
  904   770
  310   664
  611   671
   36    47
   65   588
   45   981
  172   729
  675   746
  386   867
  518    44
  700   401
  594   739
   75   802
  203   557
  582   317
  932   809
  726    31
  600   594
  946   435
  488   338
  550   481
  826   520
  870    22
  643   240
  729    43
  963   333
  993   149
  526   397
  726   288
  283    81
   82   760
  534   127
  119   198
 1000   919
  301   276
  878   638
  912   821
  463   930
   29   492
  966   803
  493   223
  448   794
  835   359
  903   393
  719   751
  517   230
  261   983
  324   334
  855   924
  378   218
  271   629
  355   672
  249    45
  446   792
  485   920
  569    25
  314   331
  489   432
  166   933
  305   828
  890    92
  611   201
  882   973
  685   408
  675   940
  491   855
  757   820
  667   610
  903    11
  549   429
  657   581
  376   124
  853   588
   98   746
  911   881
  312   794
  796   113
  155   118
  678   167
  724   562
   85   618
   46   843
  834   714
  337   513
  885   581
  559   438
   94   200
  575   530
  904   444
 1000   165
  249   399
  903   495
  311    68
  569   656
  325   712
   84   943
  970   610
  807   553
  490   878
  498   593
  926    37
  313   718
  343   277
  890   741
  912   193
  773    19
  705   773
  843   799
  912   920
  695   403
  658   717
   18   829
  159   680
   19   358
  475   802
   43   582
  152   361
  901   841
  585    24
  444   442
  626   190
  432   899
  715   637
  400   734
  659   417
  595   411
  649   210
  882   711
  726   472
  997   357
  902   307
  317   691
  534    20
  233   404
  311   412
  691   245
  704   223
  746    79
  874   499
  194   328
  948   459
 1000   229
  223   123
  767   760
  804   591
  969   146
  650    60
  543   446
  508   363
  729   666
  310   773
  641   730
  904   848
  393   627
  667   733
   37   785
  112   458
  315   605
  168   291
  863   142
   78    64
  587   402
  689   186
  484   394
   69   664
  319   808
  425   649
  658   853
  948     5
  424   827
  945   725
  308   932
  553   843
  959   246
  431   246
  412   403
  518   822
  816   145
  903   233
   31   290
  983   456
  649   193
  573   530
  612    26
  577   842
    3   532
  192   847
  476   951
  380   280
  776   380
  233    90
  411   341
  866   551
  827   249
  393   621
  141   516
  205   272
   26   857
  502   397
  241   269
  100   612
  351   570
  413   336
  249   612
  358   823
  810   539
  185   761
  928   430
  220   711
  720   568
  594    65
  706   162
  611   899
  959   925
  735   149
  990   434
  968   942
  743   176
  324   708
  999   152
  137   179
  313   880
  380   384
   54   771
   74   688
  739   578
  583   330
  257   233
  509   421
  410   128
  428   287
  919   828
  888   284
   47   210
  888   199
  337   567
  419    96
  530   183
  173   106
  546   840
  303   511
  409   674
  628   747
  144   245
  831   778
  481   199
  498   871
  360   761
  762   722
  723   820
  142   100
  109   173
  958   274
  672   795
   25   836
  880   617
  254   425
  333   340
  268   409
  353   250
  101   734
  312   189
   93   528
  204   339
  592   452
  864   531
  313   624
  877   974
 1000   117
  624   480
  419   266
  268   778
  445   553
  844    69
  963   320
  913   412
  483   662
  769   886
  320   871
  665   151
 1000   790
  345   267
   70   847
  621   214
  819    38
  333    27
  480   223
  786   446
  958   123
  216   456
   31   835
  291   439
  325   468
  106   663
   79    32
   25   465
  757   989
   50   471
  321   860
  899   929
  749   624
   26   375
  859   832
  485   339
  167   803
  303   553
  417   271
  741   231
  215   102
  598   747
   95   190
  544   950
  482   868
   56    43
  437   684
  753   667
  136   679
  254   784
  601   217
  674   940
  627   725
  164   701
  871   776
  305   663
  693   159
  474   255
  772   958
  460   696
  909   518
  446   835
  374   394
  204   495
  690   159
  290   363
  165   437
   13   460
  222    30
  796   112
  869   113
  540   861
   67   707
  104   222
  289   580
   55   867
    1   225
  552   741
  601   379
  144   235
  606   788
   36     3
  628   841
  170   440
  252   224
  858   700
  646   127
  746    19
  678   406
  254    77
  259   907
   79   413
  570   649
  842   922
   65   323
  353    73
   24   362
  719   925
  434    65
  845   541
  432   153
  202   656
  703   414
  527   999
  616   933
  167   942
  549   408
  269   289
   44    32
  561   384
  787   550
  187   951
  555   214
  784   948
  514   120
  945   717
  664   404
  272   165
  411   969
  726   643
  662    90
  896   680
  388   991
   56   403
  587   195
  344   954
  771   367
  969   199
   37   466
  945   836
   88   315
  387   917
  487   141
  905   177
  367   741
  332    84
  548   443
  356   804
  251   795
   83   238
  482   439
  291   781
  812   339
  848   526
  201   268
  944   570
  490   901
   31   729
  905   368
  743  1000
  830   446
  197   982
  567   283
  655   857
  535   537
  753   904
  479    79
   30   444
  363   277
  668   944
  379   167
  568   338
  929    52
  633   517
  210   113
  993   796
  157   727
  581   821
  601   238
  245   352
  596   564
   39   123
  141   559
  590   123
  875   890
  496   393
  991   119
  614   678
  547   417
  300   405
  510   237
  344   395
  960   453
  575   477
  295   664
  643   711
  701   354
  657   316
  448   835
   30   671
  577   382
  930   757
  888   208
  941    92
  724   451
   61   188
  145   615
  930   841
  914   924
  897   682
  246   830
  228   857
  790   268
  498   295
  396   935
  731   220
  168   228
  412   175
  820   591
  665   768
  999   412
  128   456
  263   946
  810   201
  967   807
  597   376
  768   474
  396   435
  644   241
 1000   168
  614   879
  495   404
  308   577
  595   253
  486   558
  278   845
  569   409
  649   179
  652   684
  788   903
  860   355
  687   274
  291   290
  479   688
  531   675
  741   747
  456   544
  440   773
  595   945
  595   658
  450   275
  457   703
  389   758
  524   371
  108   401
  205   216
  973   787
  533   830
  233   528
  882   333
  830   311
  502   748
  215   941
  946    43
  255   216
  727   385
  316    57
  349   363
  240   614
  524   362
  900   851
  815   728
  869   301
  474    14
  584   266
  480   349
  969   689
  527   975
  631   258
  783   385
  580   961
  821   336
  984   108
  678   404
  733   534
    6   357
  358   183
  193   897
  480   186
   73   256
  954   828
  446   404
  257   244
  787   432
  756   243
  157   811
  815   392
  663   137
  946   248
  936   343
    9   857
  550   280
   79   482
  804   177
  899   537
  687   278
  173   336
  158   519
  178   989
  239     2
  914   860
  295   238
  971   803
   50   561
  967   473
  112   199
  304   180
  280     7
  227   271
  990   804
  746   252
  303   693
  572   835
  334   377
  895   807
  136   595
  902   985
  665   693
  909   972
    9    76
  233   372
  201   960
  485   971
  255   846
  422   226
  434   620
  568   960
  199   737
  882   866
  945   983
  221   127
   55   413
  234   495
  928   453
  976   623
  402   462
  173   484
  911    71
  692    42
   33   161
  165   775
  916   216
  994   897
   97   478
   53   360
  260   716
  167   561
  219   157
  459   128
  127   281
   73   762
   15   987
  791   116
  743   143
  634   228
   40   164
  602   642
  192   225
  371   138
   42   416
  248   464
  497   620
   66   808
  623   696
  190   370
  410   277
  420   439
  661   879
  579   546
  756   277
  163   190
  552   587
  362   575
  131   885
  440   967
  902   747
  390   385
  262   820
  561    66
  710   960
  557    16
  829   430
  836   434
  408   942
  766   810
  746   156
  210   891
  311   641
  530   627
  608   160
  652   782
  297   394
  477   836
  167   943
  225   216
  421   226
  565   942
  573   815
  630   681
  963   411
  618    46
  757  1000
  667   896
  695   916
  828   761
   52    85
  836   177
  734   683
  656   470
  910   337
  709   121
  831   874
  115   264
   37   596
  253   702
  579   556
  932   731
  410   702
  115   577
  238   974
  174   436
  473   688
  532   189
  963    56
  291   492
  737   383
  618   759
  394   820
  809   659
  601   522
  685   373
  789   315
  577   150
   28   713
  502   753
  557   428
  458   282
  197   206
  423   277
  546   879
  258   152
  371   549
  324    22
  680   403
  285   385
  118   605
  188   916
  883   286
  803   298
  407   822
  167   549
  587   835
  142   663
  108   210
  329   710
  351   114
  457   488
   57   118
   69   364
   78   909
  329   752
  247   816
  683   460
  657   879
   87   683
  664   264
  547   257
  691   733
  868   693
  344   672
  759   100
  392    30
  188   543
  749   998
  404     3
   16   213
   43    91
  136   223
  944   372
  741   835
  970   277
  826    91
  741   200
  616   519
   34     9
  407   837
  516    43
  855   927
  359   665
  773   698
  363   816
  330   918
  806   934
  645   374
  871   214
  753   662
  150   732
  377   972
  282   983
  935    45
  963   584
  388   949
  389   958
  738   985
  558   547
  677   997
  542   350
  415   173
   37   709
  443   290
  972   559
  746   716
  721   588
  545   262
  965     2
   68   443
   66   237
  731   490
  310   657
  194   712
  725   831
  135   787
  355   394
  733   447
  510   429
  277   543
  881   291
  652   857
  117   586
  343    78
  355   932
  539   652
  309   628
  137   546
  474   618
  270   336
  992   739
  873   793
  563   480
  910   174
  260   544
  383   600
   69   605
  322    97
  568   968
  110   407
  407    90
  183   854
  527   217
  625   329
  422   963
  841   789
  115   881
  166   194
  244   835
  959   135
  290   716
  766   985
  642   114
  658   199
  317   316
  106   669
  430   360
  917   875
  691   360
  183    66
   93   888
  862   355
  146   983
  499   339
  354    96
  387   414
  222   700
  789   559
  932   717
  334   929
  367     9
  560    53
  444   737
  865   841
  599   566
   80   609
  204   263
  994   381
  937    40
  354   255
  544   931
  912   111
  155   396
  224   213
  824   979
   75   201
  508    11
  227   410
  788   354
  919    90
  430   861
  606   219
  638    34
  841   273
  516   289
  321    42
  563    31
   96   718
  645   464
  387   335
  761   904
  652   357
  975    79
  383   785
   26    23
  970   676
  436   363
  351   715
  824   205
  654   761
  336   604
  891   961
  870   105
  616   414
  336     4
  539   410
  661   896
  383   295
  995     7
  944   845
   19   971
  632   577
  509   803
  487   126
  173   662
  783   642
  287   447
  725   784
  174   532
  131   605
  472   461
  355   977
  517   430
  814   868
  774   977
  555   235
  299    35
  475   486
  845   369
   40   487
  154   159
  542   336
  598   772
  994    49
  230   814
  671   758
  792   829
  151   713
  199   831
  758   361
  683   304
  707    14
  845   139
   56   999
  488   929
   32   578
  850   684
  704   967
  481   657
  478   490
  355   273
  486    92
   78   802
  700   765
  391   846
  435   800
  462   168
  916   394
  101   870
  786   712
  753   143
  698   804
   82   643
  441   867
   69   569
  237   919
  480   377
  461   780
  269   543
  285   201
  464    96
  921    38
  203   901
  666   252
  121   313
  287   356
  854   976
  835   736
  773   510
  252   488
  780   800
  604   163
  498   403
  408   363
  233   776
  942   994
  903   657
  955    46
  750   491
   98   375
   90   359
  705   377
  867   959
  518   523
  496   585
  166   786
  100   523
  238   602
  989   643
  235   139
  118   641
  363   868
  911   317
  422   550
  427   414
  839   127
  711   886
  309   714
   58   607
  463   960
  831   105
  364   341
  959   884
  423    97
  780   421
  409   609
  528   727
  241   945
  133   695
  622   489
  470   915
  446    65
  385   895
  767   386
  928   382
  826   323
  357   410
  903   652
   99   377
  283   459
  267   884
  287   457
  972   228
   59   711
  532   531
  135   714
  435   661
  265   681
  471   593
  474   799
  241   568
  627   601
  782   608
   46   973
  874   149
  335   389
  495   565
  513   927
  884   390
  245   522
  601   679
  101   799
  430   648
  462   977
  514   726
   28   835
  793    55
  583   189
  431   726
  267   602
  178    68
  390   449
  404   947
  235    14
  661   720
  987   797
  463   845
  571   178
  491   192
  648   623
   97   459
  151   907
  724   904
  505   492
  156   281
  412   393
  677   450
  229    46
  613   668
  120   164
  947   222
  754   828
  603   553
  790   768
  726   537
  844   567
  558   268
  440   659
  462   328
  790   961
  632   629
  363   780
   73   403
  430   798
  375   265
  758   500
  570   732
  661   956
  256   465
  778   350
  747   287
   44   212
  453   460
  178   511
  852   154
  792   776
  240   797
  372   528
  920   244
  823   357
   77   977
  359   985
  207   199
  592   384
  667   807
   27   982
  190    95
  703   754
  667    71
  779   467
  208   498
  613   622
  935   238
  381   369
   96   143
  371   855
  220   390
  112   401
    4   889
  480   917
    8   184
  596   285
  931    19
  822   542
  251   347
  893   243
  143   564
  529   990
   26   363
   80   531
  324   450
  247   657
  359   917
  340   190
  174   512
  512   982
  442   527
  770   679
  782   665
  734   275
  786   626
  861   931
  326   364
  670   821
  700   961
  314   730
   55   688
  141   959
  323   801
  185   581
   74   303
  100   487
  629   505
  801   792
  276   852
  388   766
  972   289
  103   127
  455   198
  842   462
   50   764
  871   770
  135   541
  963   579
  931   695
  633   154
  242   306
  705   541
  638   281
   69    19
  863   512
  691   930
  364     3
  551   866
  647   943
  920   389
  359   528
  859   254
  567   997
  853   748
   20   339
   73   377
  811   701
  417   379
  185    37
   90   446
  316   442
  688   835
   87   525
  568   458
  587   729
  253   511
  352   112
  977   332
  667    76
  997   659
  713   905
  477   382
  338    60
  402   597
  577   655
  395   187
  383   284
  350   166
  800   147
  303   417
   21   538
  115   544
  296   992
  639    55
  335   415
  417   414
   47   380
  800    53
  777   923
  784   544
  578   355
  469   136
  669   164
  193   878
  507   729
  448   172
  195   693
  152   658
  204   262
  271   346
  527    17
  484   977
  177    32
   55   522
  814   391
  493   512
  346   855
  100   639
  888   892
  997   648
  805   866
  759   592
  863   639
  951   907
  880   588
   69   274
  102   285
  443   791
  500   803
  855   240
  979   155
   47   200
  546   653
  164   221
  342   386
  262    47
  770   738
  647   319
  927   738
  613   495
  982   415
  807   675
  458   441
  672   196
  908    15
  201   109
  966   443
  297   540
  753   281
  992   791
  249    57
  193    95
  309   895
  118   614
  509   979
   93   257
  933   570
  591   114
  950   473
  561   580
  532   416
  604   899
  858   411
  976   400
  352   360
  229   487
  759   726
  553   533
  379   403
  662   217
  631   847
  979   285
  567   202
  562   673
  478   775
  482   684
  160   548
  115   360
  346   743
  702   353
  526    62
  695   154
  434   571
  283   140
  216   490
  540   675
  712   569
  155   896
  761   267
  652   652
  662   944
  549   304
  405   421
  249   278
   76   939
  673   851
  220   151
  370   836
  632   773
  834   449
  734   162
  435   810
  355   565
  530   589
  950   688
  153   249
   82   785
  384   227
  823   752
  587   922
  363   332
  437   833
   81   702
  386   816
  275   993
   81    63
  396   573
  969   137
  190   295
  387   408
   50   782
  909   363
   31   989
  606   289
  561   864
  941   184
   18   876
  860   967
  167   688
  698   548
  297    74
  703   483
  836   479
  736   987
  116   843
  778   134
  146   961
  379   550
  103   768
    4   311
  400     2
  314   876
  159   545
  164   650
  362   856
  943   835
   21   364
  109   784
  426   486
  501   822
  289   798
  931   123
  898   476
  160   677
  751    86
  844    72
  199   929
  792   802
  157   126
  792   221
  959   820
  421   280
  586   787
  289   506
  131   668
  939   172
  176   962
  595    90
  853   108
  344   838
  611   475
  276   808
  131   603
  193   318
  760   911
  205   308
  898   533
  448   465
  974   771
  982   269
  579   277
  616   666
   55   989
  405   263
  832   917
  934   339
  439   411
  959   764
  615   738
  186   268
  740   161
  421   804
   62   706
  395    40
  356   609
  697   567
  229   943
  558   709
  697   186
  421   398
  750   426
  600   689
  824   811
  610   903
  128   306
  646   375
  660   734
  814   760
  839   829
  380   290
  487   128
  444   609
  517   219
  706   367
  322   165
  704   596
  276   440
  920    61
  488   982
  536   398
  505   409
   99    29
  814   516
  547   933
  730   867
  141    27
  229   667
  677   793
   96   640
  848   141
  966   850
    9   949
  246    99
  323   793
  412    23
  277   932
  239   632
  771    88
  125   438
  257   166
  411   815
  243    31
  305   160
  863   722
  506    16
  236   155
  369   525
  884   755
  894    30
   85   138
  200   916
  661   694
  589   278
  547   206
  485    56
  107    31
  869   286
   97   722
  239   890
  999   393
  334   784
  785   836
  591   259
  406   861
  843   478
  617   235
  697   137
  557   455
  848   197
   87   569
  442   582
  677   149
  669   860
  421   312
  291   854
  552   873
  985   644
   45   622
  300   583
  401   268
  623   287
  972   402
  161   624
  680   771
  740   170
  283   942
  816   892
  459   260
  710   157
  777   237
  129   182
  294   583
  366   575
  490   708
   28   468
  683   494
  158   796
  810   170
  862   342
  706   271
  948   577
  642    89
  627   262
  826   390
  949   788
   58   844
  869   272
  429   750
  322   334
  772   593
  267   216
  984   807
   93     2
    7   711
  146   368
  847   990
  340   853
  393   526
  704   257
    5   161
  485   901
  339   331
  811   806
   18   994
   32   420
  473   683
  269   558
  578   209
  944   461
  687   196
   11   561
  788   596
  121   315
  404   785
  257   768
  296   369
  387   382
  610   324
  871   214
   48   960
  549   343
  571    20
  302   107
  687   995
  618   400
  725   967
  939   269
  604   166
  167   238
  519   398
  691   158
  448   297
  578   713
  713   925
  301   987
  507   771
  388   736
  207   257
  283   121
  594   422
  943   248
  567   762
  608   960
  452    16
  777   651
  845   208
  506   250
  111   157
  391   411
   21   376
  209   154
  983   727
  210   926
   57   902
  270   950
   48   336
  525    40
  750   266
  988   566
  790   508
  308   902
  612   733
  450   173
  251   866
  157   391
  146   322
  463   493
  609   841
  594   403
  189   575
  548   157
  835   125
  285   125
  681   307
  317   452
  144   489
  459   691
  726   664
  912   212
  912   547
  577    18
  460   847
  635   545
  316   525
  297   548
  759   624
  929   162
  513   968
  309   827
  467   193
  886   412
  125   896
  874    61
  440   452
   54   892
  392   845
  607   792
  430   739
  769   699
  188   749
  939   172
  850   821
  578   409
  845   925
  697   590
  287   960
  586   364
  610   455
  655   961
  781   222
  561   119
  241   763
  306   236
  558   610
  326   742
  942   760
   83   944
  635   482
  729   470
  956   344
  644   473
  426   156
  863   159
  985    49
   19    66
  315   458
  294   347
  598   249
  142   227
  350   136
  572   166
  861   791
  741   964
   38   131
  267   605
  257   287
  763   873
  992   953
  256   665
  936   715
  517   413
   36   397
   39   307
    4   884
  312   993
   58   545
  304    39
  589   648
  374   876
  502   227
  885   939
  464   787
  666   801
   61   475
  369   710
  867   144
  414   958
  389   209
  937   707
  286   255
  564   169
  704   617
  118    61
  346   559
  370   755
  985   808
  169   506
   45   650
  307    54
  612   421
  205   923
    4   861
  877   920
  818    67
  833   263
  424    46
  413   648
  306   403
  595    61
  937   862
  820   997
  209    76
  981   784
  413   815
  109   140
  442   933
  162   498
  833   653
  460   344
  558   102
   49    12
  902   374
  576   673
  805   589
  585   737
  733   732
  961   416
  339   252
  811   696
  603   663
  162   551
  683   589
  163     1
  693   388
  423   938
  719   888
   47   852
  884   947
  464   714
  981   393
  357   791
  762   882
  580   358
  218   749
  777   791
  363    61
  382   890
  427    10
  972   115
  325   663
  659   978
   47   156
  525   877
  759   408
  641   869
  494   588
  284   538
  837   454
  858   276
  684   689
  841   631
   50   453
  150   497
  190   345
  193   476
  115    10
  276    19
  763   541
  473   130
  731   393
  969    78
  515   322
  256   902
  209   116
  342   837
  523    61
  433   493
  954   228
  414   866
  935   596
  950   648
  773    79
   77    81
  606   945
  934   479
  386   754
  161   778
  858   871
  791   791
   34   671
  637   278
  748     5
  851   414
   34    38
  417   775
  347   216
  543   499
  775   284
  570   114
  294    74
  551   848
  722   960
  400    93
  541   775
  163   802
  492   259
  538   627
  859   676
  405   333
  907   493
  859   269
  838   753
  424   338
  459   981
  392   424
  293   549
  578   738
  158   103
  488   299
  352   118
  346    57
  308   748
   74    47
  692   480
  322   318
  210   888
  201   983
  868   386
  429   695
   31   117
  731    15
  312   319
  338   871
  386   914
  773   191
    9   600
  822   722
  693   871
   16   991
  834   548
  702   621
  684  1000
  591    58
  304   345
  434   888
   38   528
  118   453
   59   890
  666   549
  450   125
  468     6
  162   417
  373   536
  779   240
  849   695
  346   507
  324   478
  781    35
  672   642
  536   945
  499   352
   13   306
  622   132
  169   867
  328   903
  595   445
  672   652
  865   260
  666   919
  739   498
  392   930
  520   475
  554   838
  167   908
   41   586
  262   757
  781   907
  254   145
  590    64
  464   238
  943   689
  544   453
  486   756
   24   831
  160   179
  696   865
  922   189
   72   542
  275    55
  616   240
  517   455
  335   339
  682   893
  831   470
  219   543
  218   414
  979    87
  686   345
  530   627
  211   508
  621   568
   14   162
  507   932
  302   753
   51   615
  747   258
  785   941
  958   589
  719   443
  611   279
  648   435
  436   217
   48   165
  416   694
   55   916
  528   593
  220   355
  401   880
  174   642
  197   737
   14   113
   20   479
   88   791
  625   257
  216   207
  847   455
  938   424
  602   274
  873   128
  809   567
  769   340
  609   888
  241   518
  406   615
  335   964
  106   168
  383   729
  200   994
  951   946
  298   945
  586   543
  526   627
  388   379
  943   276
  860   634
  216   689
  173   135
  635   838
  639   639
  224    52
  964   845
  233   323
   52   411
  370   223
  257   826
  798   362
  255   638
  956   430
  467   520
  344   333
  916   329
  198   735
  383   344
  770   807
  204    25
  227   755
  190   915
  494   997
  136   579
  590   523
  283   226
  544   248
  892   864
  125   740
  754   675
  985   391
  557   320
  929   829
  730   197
   74   959
  835   616
   43   710
  627   760
  524   460
  183   430
  616    41
  352    55
  670   207
  798   537
    6   114
  398   255
  630   351
  403   707
  324   920
   11    55
   62   586
  392   688
   13   987
  183   216
  688   595
  269   479
  789   646
  725    12
  170   650
  343   733
  746   724
  571   697
  339   986
  410   774
   91   228
  709   741
  699    51
  847   910
  996   174
  581   608
  374   918
  670   337
  168   461
  246   855
  209   943
  604   625
  685   348
   83   933
  995   874
  726   926
  779   659
  229   289
  149   760
  588   132
  821    42
  578   356
  274   928
  903   730
  205   522
   70   730
  551   833
  354   927
  179   865
  893   838
  571   428
  163   893
  279   507
  974   184
  672   476
  211   560
  954   563
  537   984
  216   166
  546   997
  913   570
  993   529
  312   475
  251   861
  617   812
  851   777
  911   187
  190   521
  787   960
  773   677
  735    90
  392   133
   73   222
  327   255
  747   837
  236   255
  455   616
  548   417
  527   347
  997   894
   50    91
  818   457
  843   701
  577   797
  900   437
  197   957
  968   328
  759   847
  573   710
  655   806
  528   759
  849   922
  523   737
  547   286
  297   595
  235   654
  211   137
  829   259
  667    21
  961   501
  541   446
  299   588
  885   776
  924   546
  235   848
  526   352
  683   921
  469   892
  921   856
  545   644
  706   856
  128   674
  358   555
  232   619
  346   366
  874   861
  170   896
  890   565
  971   127
  475   659
  981   591
  640   642
  848   759
  588   520
  494   361
  531   150
  966   742
   50   228
  241   116
   49   421
    5   646
  401   810
  503   966
  135   397
  525   241
  224   300
   34   927
  600   440
  442   349
   11   938
  765   649
  916   225
  689    10
  843   322
  919   481
  729   460
  672   991
  440   982
  193   413
  702   440
  705   802
  200   563
  555   133
  450   254
   14   871
  948    70
   26   571
  921   536
  958   669
  689   382
  133   517
  358   157
  174   967
   28   679
  882   176
  874   185
  545   558
  229   651
   61   100
  403   311
  528   417
  332    64
  218    76
  565   400
   10   918
   79   150
  469   236
  692   635
  621   536
  865   879
  873   323
   39   469
  730   833
  884    16
  181   432
   23   384
  132   830
  680   308
  560   223
  861   925
  705   984
  257   373
  221   451
  262   291
  895   767
  548   164
  799   507
  362   936
  184   999
  649   918
  502   190
  417   468
  174   932
  954   471
  440   121
   52   515
  295   671
  106   783
  281   773
  913    65
   89   520
   31   730
  394   819
  791   517
  694    99
  409   929
  429   994
  837   768
  185   662
  952   779
  102   524
   63   685
  455   822
  672   905
  427   215
  945   424
  807   199
  752   243
  741   456
  193   121
  314   635
  734   725
  789   703
  864   640
   18   527
  900   630
  159   487
  561   560
  702   539
  334   861
  569   884
  665   605
  908   744
  201   684
  836   180
  949   928
  646   409
  485   303
  658    81
  414   463
  213   764
  316   115
   94   347
  631    39
   72   496
  856   337
  742   376
   53   468
  374   847
  944   874
  972   142
  414   101
  615    11
  931   858
   24   957
  402   938
  102   113
  402   198
  855   494
  717   135
  777   883
  154    16
   71   352
   98   784
  919   615
  495   400
   48   168
  168   685
  976   603
  650   722
  619   526
   73   765
  161   267
  540   676
  542   988
   86   572
  397   950
  472   382
   54   375
  267   766
  668   246
  436   162
  956   206
  881   491
  415   598
  912   691
  904   456
  102   923
  801   748
   84   863
  680   584
  950    57
  415   718
  830   791
  529   370
  845   714
  840   118
  617   964
  212   100
  682    13
  150   472
  119   721
  738   608
  734   369
  707   152
  840   485
  872   222
  666   131
  764   679
  496   119
  164   612
   92    24
  209   701
  892   170
  349   552
  858   388
  466   261
  845   344
  806   513
  804   931
  299   549
  259   137
  171   947
  902   286
  504   501
  802   107
  881   761
  195   675
  513   709
  928   504
   98   875
  499   735
  239   721
  836   141
  599   432
  533   820
  492   342
  296   527
  675   730
  765   862
  999   340
  984    85
   54   462
  407   119
  357   635
  872   811
  559   411
  569   752
  152   632
  242   259
  401     8
   28   825
  596   975
  429   523
  454   384
  635   606
  988   239
  142    83
  382   415
  459   730
  553   275
  106   933
  489   435
  929    28
  379   741
  265   773
  208   933
   62   374
  301    19
  269   833
  455   640
   22   722
  525   868
  624   376
  118   662
  651   270
  737   369
   25   804
  467   272
  510   719
  634   494
  543   441
  928   940
  927   502
  628   280
  299   693
  979   110
  807   288
  140   942
  658   296
  952   785
  861   495
   64   649
   73   299
  329   861
  117   892
  514   589
  639   131
  518   312
  858    38
  237   760
  325   116
  397   343
  493   994
  701   600
  272   455
  602   332
  786   282
  259   463
  222   182
  967   214
  642   256
  519   712
  708   893
  445   814
  323   386
  539   376
  358    97
  209   110
   41   244
  478   503
  247   274
  543   906
    9   571
  206   823
  259   418
   98   176
  776   230
  924   921
  932   980
  378   849
  591   221
  868   516
  834   440
  963   543
  170   156
   65   728
  713   795
  620   535
  595    38
  285   108
  942    89
  277   158
  915   835
  414   517
  386   645
  327   902
  482   140
   66   425
  885   845
  208   735
  297   708
  188   301
  259   968
  596   528
  487   198
  755   268
  418   841
  476   189
  104   987
  169   281
  266   355
  378   560
  919   443
  226   512
  827   964
  834    74
  437    96
  137    27
  602   796
  451   832
  711   264
  509   121
  411    85
  651   976
  475   482
  729   911
  351   922
  110   979
  178   677
  671   120
   96   673
  504   330
  264   405
  692   670
  408     3
  445   891
  639   240
  383   257
  485   521
  975   876
  799   411
  514   132
  967   278
  128    68
  569   695
  583   436
  944   601
  651   830
  966   343
  307    98
   66   689
  831   878
  508   417
  613   526
  860   121
  603   227
  233   498
  743   939
  845   907
  243   462
   93   364
  652   920
  735   910
  809   191
  324   402
  176   283
  805   298
  900   700
   65   656
  867   685
  924   561
  100   980
  140   741
  446   154
  893   366
  715   149
  252    98
  491   511
  241   350
  149   667
  157   969
  248   580
  411   123
  680   994
  651   192
  156   778
  137   733
   52   736
  725    70
  760   268
   99   409
  172   638
  682   995
  664   535
  130   452
  411   302
  230   257
  711   307
   74   783
  767   579
  518     7
  798   769
  711   378
  585   446
  791   266
  596   844
  299   610
  299   940
  267   451
  702   914
    6   204
  360   682
   35   182
  777   250
  924   617
  734   516
  413   318
  338    22
  467   603
  231   407
  671   812
  629    64
  841   508
  635   844
  793   679
  675     6
  121   331
  294   390
  295     3
  633   935
  295   735
  440   856
  620   748
  191   757
   23   363
  336   177
  496   377
  750    34
  873   251
  912   441
  187   315
  977   317
   39   195
   92   139
  287    77
  884   212
  845   988
  778   923
  545   899
  232   537
  408   168
  570   455
  975   581
  244   295
  367   243
  822   680
  419   427
  413   292
  813   418
  443    39
  606   831
  542   974
  588   813
  630   346
  685   800
  424   944
    2   742
  312   894
   23   731
  587   156
   79   600
  882   812
  973   466
  698   247
  277   747
   73   702
  528   399
  107   498
  342    36
  698   456
  814   654
  748   892
  937   487
  318   825
  957    72
  431   451
  214   783
   31   217
   62   437
  998   682
   76   961
  609   195
  155    78
  503   306
  393   423
  193   242
  288   755
  224   203
  818   928
  697   541
  141   824
  939   609
  246   106
  817     4
  913   407
  267   425
  423   475
  471   690
  112   659
  917   987
  312   985
  168   203
  286   368
  776   495
  879   886
   68   125
  538   190
   84   674
  772   319
    5   320
  795   349
  622   344
  912   938
  640   984
  726   640
  194   952
  855   221
  385   759
  869   316
  295   645
  509   700
  579   325
  432   159
  486   562
  212   561
  486    82
  816   707
  787   642
  580   843
  158  1000
  462   274
  922   223
  609   801
  562   779
  472   721
  858   401
  361   878
  442   746
  836   231
  301   468
  538   908
  448    21
  211   740
  998   373
  584   131
  319   774
  999   140
  961    43
  596   753
  207   250
  308   772
  413   175
  861   808
  142   711
  306   969
  549   646
  235   837
   23   133
   96   237
  562   147
  814   356
  847    47
  699   723
  450   864
  179   399
  674   481
  340   280
  684   835
  767   254
  946   441
  589   586
  465   962
  201   406
  816     7
  189    90
  292   746
   68   124
  512   134
  398   283
  578   121
   66   673
  473   699
  973   882
  355   433
  217   789
  162   171
  586    38
  686   646
  153    37
  502   390
  547   127
  120   108
  524   806
  184   680
   45   648
   61   819
   29   497
  199   388
  835   630
  437   421
  905   623
  683   249
  940   792
  776     4
  520   237
  981   855
  968   687
  594   254
  684   294
  939   400
  235   589
  407    35
  880   405
   41   721
  297   199
  327   635
  473   802
  536   848
  488   485
  451   809
  984   129
  650   149
  800   270
   29   844
   22   425
   19    19
   13   775
  916   611
  950   888
  809   109
  539   882
  373   118
  783   353
  357   131
  145   456
  274   986
  631   927
  400   780
  310   482
  567    58
  216   681
  982    75
  695   265
  943    56
  565   414
  381   821
  206   851
  779   756
  205   152
  286   295
  924   703
  786   305
  191   835
  691   601
  455   133
  610   924
  980   100
   23   391
  188   872
  829   966
  632   292
  777   156
  662   869
  284   519
  633   859
  440   135
  820   676
  775   923
   14   359
  951   599
  734   331
   42   654
  216   253
   82    88
  624   864
  962   825
  219   356
  983   238
  702   157
  517   580
  382   671
  294    23
  254   675
  325   284
  158   345
  809   499
  936   546
  781   500
  159   480
  228    69
  328   804
  402   333
  515   284
  837   520
  322   199
  258   320
  415   550
  284   844
  373   657
  712    63
  861   587
  132   960
  153   660
  117   850
  900   145
  528   567
  376   905
  464   102
  378   942
  190   637
  824   798
  263   325
  586   966
  767   593
  766   954
  371   626
  861   707
  684   827
  284   965
  112   275
  853   492
  418   444
  123    91
  953   543
    5   248
  463   490
  929   551
  584   608
  258   570
  178   275
  900   618
  115   280
  580   948
  478    70
  773   451
  480   933
  973   781
  783   879
  830    69
  129   758
  656   333
  538   970
  315   942
  376   684
  675   902
   97   469
  644   324
  340   700
  997   426
   29   160
  545   680
   17   210
   40   881
  337   941
   52   308
  212   781
   39   586
  877   402
  338   758
  748   799
  281   862
  928   323
  402   429
  322   588
  340   746
  405   914
  875   960
  153   639
   90   627
  870   505
  466   196
  726   498
  398   513
   75   772
  281   348
  632   932
  127   614
  316   714
  105   376
  641   746
  588   198
  354   906
  241   225
  386   760
  910   863
  674   912
   59    16
  178     7
  394  1000
  569   727
  685   612
   88   463
  315   659
  944   925
  829   226
  500   131
  283   460
  721   876
  604   221
  321   825
  602   121
  911   469
   28   773
  989   353
  661   825
  170   596
  938   273
  399   939
  656   839
   16   809
  299    87
  784   627
  772   143
  253   523
  818   288
  642   598
  969   789
  747   172
  144   175
  851    76
   84   794
  522   938
   82   608
  859   454
  762   392
  345   449
  167   267
  177   190
  771   403
  810   211
  799   175
   97   363
  647   495
  569   106
  180   129
  904   908
  692   486
  493   618
  428   549
  102   130
  749   721
  374   130
  908   857
  146   480
  132   860
  988   113
  446    38
  769   340
   64   236
  142   298
  596   408
  776   781
  255   289
  264   994
   82   267
  228   852
  189   382
  331   806
  191   101
  689   677
  370   494
  936   832
  588    25
  416   445
 1000   454
  229   697
  115   264
  262    75
  842   840
  110   357
  552   367
  795   824
  182   899
   20   508
  651   885
  864   553
  643   325
  505   996
   12   347
  288   433
   35   123
  370   522
  989   700
   31   649
  410   645
   83   120
  355   260
  413   994
  780   213
  550   757
  285   219
  412   991
   18   654
  172   362
  827   329
  309   118
   85   710
  361   409
  695   857
  527   589
  689   846
  419   174
  903   527
  168   158
  563   150
  788    32
  560   596
   25   517
  155   380
  875   358
  212    78
   69   750
   35   467
  790   491
  181   274
  178   466
  237    46
   51   860
  991   764
  238   608
  176   300
  898   366
  665   739
  282   533
  866   866
  804    34
  500   904
   82    23
  279   119
  742   579
  122   237
  723   811
  728   105
  406   749
  279   543
  675   444
  261   306
  980    45
  931   685
  436   781
   27    31
    2   349
  622   248
  481   355
  886   324
  660   686
  730     3
  367   981
  296   827
  697   669
   60   331
  413    38
  487   132
   71   256
  931   342
  396   543
   50   156
  370    88
   71   709
  278    71
  596   264
   13   255
   42   731
   98   205
  976   912
  398   209
   18   661
  550   217
  850   590
  654   908
   12   129
  771   232
  716   278
  887   353
  810   649
  229   999
  413   478
  211   850
  750   215
  664   197
  539   636
  819   556
  100   368
   91   395
  298   276
  789   908
  787   947
  392   908
  331    42
  525   484
  276   953
  377   135
  166   961
  908   620
  825   724
  972    10
  295   460
  947   586
  503   129
  488   622
  140   691
  529   437
  116   792
  558   687
  180    50
  952   731
  705   112
  752   475
  561   536
  132   304
  232   238
  380    96
  542   483
  299    24
   70   196
  425   280
  266   526
  717   442
  194    91
  384   725
   83   996
  772    28
  108    83
  228   591
  963   292
  149   531
  902   472
  898   939
   78   813
  381   674
   46   773
  393   715
  505   352
   61   735
   49   377
  883   258
  524   891
  854   571
  825   518
  538   902
  105    42
  429   752
   88   382
  579   614
  378   326
  183   307
  674   631
  493   652
  686   695
  118   281
  294   294
  962   482
   68   979
  273   771
  437   405
  869   510
  773   879
  543   228
  721   166
  170    95
  550    18
  213   343
  639   775
  929   439
  467   783
  930   787
  381   741
  403   457
  469   888
  354   928
  508   859
  899   769
  277   933
  480   225
  390   210
  197   209
  910   261
   17   626
  416   496
  673   184
   22   866
  727   298
  737   931
  616   178
  724   455
  716   599
  649   805
  134   589
  291   434
  514   302
  490   807
  406    23
  997   156
  825   281
  658   279
  273   475
  145   965
  953   513
  575   444
  847   579
  718   298
  787   707
  817   958
  715   324
  828   289
  771   620
  450   832
   58   551
  281   401
  360    24
  201    24
   20   827
  482   949
  770   692
   42   891
  737   398
  397   423
  459   729
  695    59
  453   131
  357   406
  310   794
  258   690
   93   259
  621   570
  995   714
  168   814
  415   286
  587   181
  904   424
  655    53
   45   200
  686   425
  544   948
  735   560
    2   470
   49   486
  648   177
  485   297
  570   144
  989   162
  668   755
   59   526
  462   703
  330   145
  878    16
  721    46
  262   525
  454   772
  575   913
  623   544
  772   961
  387   491
  260   191
  599   953
   79   706
  173   413
  337   920
  519   156
  933   833
  601   821
  921   217
  581   665
  831   865
  879   276
  547   178
  728   840
  928   136
  873   219
  182    79
  717   133
   78   997
  777   920
  406   796
  752   451
  647   369
  734    53
  723    54
  214   467
  285   208
  503    54
  841   814
  689   788
  722   983
  253    73
  954   302
   67   393
  628   885
  333   837
  237   851
  305    96
  337   716
  852   101
  346   315
  737   535
  332   886
  184   796
  900   982
  692   607
   62   338
   29   249
  301   943
  604    19
  437   318
  693   146
  524    58
   70   175
  879   572
  806   586
  490    93
  377   962
  823   767
  704   844
  376   728
  317   702
  919   276
  492   879
  266   679
  261   109
  732   468
  285   170
  182   244
  900   931
  877   654
  218   262
  101    31
  603   552
  708   167
  450   993
  249   672
  593   733
    2   907
  182   223
  461   929
  281   587
  222   106
  993    73
  792   718
  295   545
  103    62
  555    39
  217   814
  930   981
   77   881
  961   111
   67   841
  747   295
   59   505
  870   253
  802   537
  756   747
  399   294
  278   955
  580    35
  930   973
  384   352
  245   920
  489   853
  603   460
  415    59
  131   866
  611   823
   16   769
  526   700
  818   102
  438   564
  596   823
   11   842
  406   356
  960    15
  602   130
  949   976
  747   949
  138   560
  778   914
  549   343
  731   158
  572   751
   68    71
   71   158
  573   125
  860   837
  474   595
  542   964
  294   128
  839   663
  786   213
  970   601
  499   691
  214   356
  202   130
  229    75
  364   920
  883   204
  562   692
  321   580
  267   214
  160   296
  909   285
  139    70
  482   956
  486   415
  799    82
  211    81
  784   756
   91   788
  935   721
  817   825
  444   467
  930   530
  254   509
  201   474
  736   109
  519    90
  567    71
  775    61
  551   907
  808   889
  732   980
  811   299
  118   886
  788   493
  374   587
  486   406
  278   482
  983   422
   77   541
   19   108
  280   542
  812   599
  172   701
   14   197
  999   608
  969   179
  406   720
  992    18
  929   276
  478   458
  251   188
  960   902
  726   795
  141   771
  227   578
   11   766
  799   525
  747   282
  833   749
  468   250
  215   377
  901   113
  129   777
  100   779
  269   953
  692   704
  569    23
  195   317
  248   945
  497    62
  787   902
  508   660
  441   343
  745   743
  201   153
  525    56
  804    34
  953   998
  608   893
  972   883
  126   220
  682   257
  933   217
  714   623
  712   737
  814   858
  794   333
   43   618
  986   558
   48   978
  545   205
  916   995
  272   157
   40   918
  159   766
  891   772
  280   286
  748   460
  842   829
  586   607
   50   989
  328   396
  379   628
  148   443
  766   240
  710   520
  941   318
  454   535
  721   783
  414   702
  867  1000
  911   139
  943   788
  391   514
  589   976
  727   683
  321   939
    3   535
  667   807
  603   949
  969   224
  319   677
   32   976
  159   663
  481   925
  599   505
  535   168
  578   932
  287   323
  822   298
  801   918
  941   870
  475   453
  332   207
  533   106
  564   714
  855   594
  885   596
  398   151
  570   865
  101   266
  688   963
  784   122
  385   707
  732   710
  861   501
  635   674
  832   931
  700   945
  726    97
  606   784
   66    88
  764   803
   30   769
  412   462
  117   711
  514   298
  580   977
  178    18
   71     3
  627   160
  105   641
  278   569
   59    40
  198   874
  165   336
  289   574
  514   497
  108   821
  165    80
  358   698
  674   463
   11   793
  624   999
  352   715
  594   258
  630   415
  828   897
  287   479
  627    23
  782   748
  861   944
  851   815
  616   554
    4   302
  719   822
  391   247
  422   867
  571   787
   94   424
  383   202
  508   843
   58   447
  796   226
  858    39
  500   517
  672   612
  691   494
  744   560
  888   767
  286    65
  278   183
  300    56
  445   680
  104   861
   12   688
  154   770
  226   777
  203   626
  525   783
  425   230
  769   566
  448   764
   42   822
  531   389
  821   220
  919   569
  944   118
  912   866
  578    18
   28    17
  773   187
  726   632
  880   538
  302   485
  153   181
   43   784
  528   158
  538   290
  622   987
  320   642
  548    61
  787   237
  208    15
  759   192
   27   941
  621   125
  814   486
  774   416
  938   608
  941   701
  174   567
  490   448
  579   353
  170   113
  252   657
  772   314
  289   406
  967   542
  467   711
  991     7
  578   237
  142   812
  729   821
  887   374
  715   952
  957   333
   23   497
  626   563
  431   291
  485   565
  559   308
  338   546
  968    42
  749   209
  380   209
   49   827
  692   518
  147   826
  429   178
  476   445
  585   150
  635   993
  865   512
  328   765
  448   768
  701   138
  115   617
  336   301
  997   503
  579   587
  503   745
  852   560
   44   171
  231   451
  459   172
  330   649
  766   422
  921   949
  287   775
  536   609
  401   787
  255   644
  172   220
  735   496
  283   815
  387   886
  568   460
  610   529
  568   778
  936   683
  760   884
  724   672
  198   340
  629   229
  637   963
  709   532
  768   434
  199   648
  535   824
  197    23
  791   552
  426   696
  116   789
  423   930
  434    53
  633   343
   65    32
  255   140
  575   540
  385   734
  935   271
  500   386
  303   343
  554   184
  711   177
  310   909
  149   852
  109   492
  270   353
  528   585
  951   466
  238   954
  545    20
  774   786
  395   346
  795   426
  322   647
  856   118
  171   344
  378   250
  192   691
  525   911
  521   920
  862   662
  314   419
   32   680
  723   691
  763   288
  101   194
  438    85
  359   337
  677    23
  504   464
  358   389
  343   799
  677   921
  583    67
  967   297
  574   888
  491   803
  877   392
  876   676
  473   957
  484   869
  952   625
  251   626
   47   247
  101   728
  952   333
  497   427
  905   625
  693   257
  159   309
  951   350
  130    16
  911   197
  945   971
  672   296
  215   300
  837   597
  661   674
  496   853
  959   582
  525   945
  139   899
  630    19
  267   810
  576   438
  492   772
  138   323
  991   532
   13   498
  357    72
  687   265
  639   628
   26   260
   59   395
  889   217
   50    44
   19   958
  991   517
   88   658
  882   838
  944   693
  546   220
  795   524
  778   424
  387   765
  330   692
  701   539
  582   305
  807    62
  259   760
  307   491
   62   491
   10   188
  191   839
  244    75
   34   313
  611   568
  382   194
  479   284
  718   664
  796   946
  566   642
  360   705
   47   623
  592   720
   35   564
   26   199
  773   176
  525   837
  863   582
  653   740
  231   519
  219   629
  603   753
  169   824
  881   119
   83   581
  291   470
  881   536
  552   154
   81   317
   70   451
  849   520
  355   103
  258   855
  859   653
  992   430
  252   899
  798   367
  685   573
  430   820
  437   227
  126   226
  872   461
  934   852
  859   966
  614   265
  249   810
  421   707
  582   364
  740   637
  536   321
  200    40
  142   531
  383   418
  201   355
  834   283
  175   846
   24   245
  998   914
  739   592
  733   606
  555   376
  286   988
  841   660
  952   443
  711   275
  993   149
  346   908
  313   769
  849   162
  634    14
  192   138
    3   726
  333   347
  779   746
  483    41
  842   880
  981   254
   67   869
  850   590
  974   776
  262   653