76
1001

742   781
442   942
968   856
168   925
377   714
357   763
217    75
919   541
694   819
134   812
487   825
127   237
299   810
430   886
359   306
000   846
 30   707
238   618
386   679
669   208
753    51
 59   953
140   738
596  1000
 57   682
570   970
384   824
747   657
586   315
 28   497
861   919
956   677
524   785
475   335
339   306
353   515
785    98
483   614
958   202
847   680
868   853
129   563
 49   948
303   159
378   125
311   156
836   471
184   915
412   981
437   202
 39   468
814   634
883   947
353   182
932   246
662   121
394   279
616   380
480   306
407   468
376   610
 50   884
633   277
161   524
682   833
553   718
 25   258
281  1000
940   714
465   955
625    75
 67   279
417   804
585   601
846   413
750   242