74
1001

418   500
651   776
668   526
744    79
646   864
165   518
966   801
952   680
347   193
303   766
771   272
799   847
759   160
870   632
931   633
944   969
682   393
174   212
223   701
558   474
350   857
11   420
592   496
788   475
501     1
43   492
812   958
508   788
598   938
437   875
33   150
588   856
352    16
19    25
888   304
121   541
221   472
835   281
211   344
312   739
64   427
394   838
486   306
47   890
287   403
223   959
625   102
569   790
825   419
414    12
147   403
407   924
295   881
721   744
600   613
318   860
615   533
192   519
556   688
319   686
196   129
290   983
54   356
514   871
159   792
201   656
981   889
642   915
361   904
666   502
405    18
51   514
189    50
578   203