300
1001

742   781
442   942
968   856
168   925
377   714
357   763
217    75
919   541
694   819
134   812
487   825
127   237
299   810
430   886
359   306
1000   846
30   707
238   618
386   679
669   208
753    51
59   953
140   738
596  1000
57   682
570   970
384   824
747   657
586   315
28   497
861   919
956   677
524   785
475   335
339   306
353   515
785    98
483   614
958   202
847   680
868   853
129   563
49   948
303   159
378   125
311   156
836   471
184   915
412   981
437   202
39   468
814   634
883   947
353   182
932   246
662   121
394   279
616   380
480   306
407   468
376   610
50   884
633   277
161   524
682   833
553   718
25   258
281  1000
940   714
465   955
625    75
67   279
417   804
585   601
846   413
750   242
406   648
569   845
192   918
11   484
91   139
850   503
701   936
918   491
489   179
744   115
434   781
955   806
244    96
354   165
602   402
697   790
657   242
8    57
36   798
458   471
569   559
68   954
872   850
992   390
652   979
969   650
458    80
601   690
591   863
455   220
902   797
964   788
750   604
900   135
697   816
250   209
137    23
123   227
54   603
125   428
11   469
633   643
998    63
315   606
85   445
298    10
582   457
579   912
95   499
352   288
108   633
982   525
967   728
916   317
866   863
359   875
320   156
402   586
633   582
739   160
700   383
209   604
887    75
289    46
786   361
88     2
745   741
475   593
456   647
282   772
25   676
59   757
752   710
922   108
688   531
854   946
743   951
999   518
284   719
564     2
409   980
953   289
731   159
605   487
686   103
225   332
126   108
573   735
328   231
725   876
71   384
408   417
682   603
713   867
578   352
662   791
34   742
46   647
431   596
872   636
999   700
326   491
798   316
88    61
147   393
21   998
241   234
941   106
113   206
353   247
469   140
796   699
863   581
243   707
456    16
319   764
557   842
756   578
932   783
833    83
44   225
936    39
434   564
144   847
200    28
949   454
696   516
394   496
918   868
92   982
779   526
335   371
678    37
527   303
565   234
637   933
793   292
553   722
167   291
766   845
699   618
385   717
551   239
435   388
969   599
782   230
659   811
756   477
820   129
883    37
380   425
205   447
364   501
684   884
636   859
315   208
542    82
535   568
95   879
700   601
990   443
652   927
901   754
346   830
5   403
973   361
526   591
488   253
771   592
694   784
364   847
211   851
477   562
445   650
716   864
225   828
792   146
578   171
612   321
597   242
379   966
216   998
318    41
488     2
873   137
82   715
507   484
873   948
628   389
718   119
945    32
214   641
339   706
221   297
301   833
784   445
524   933
576   976
841   147
67   308
370   668
196   136
735   926
786    38
207   166
783   588
811   441
839   604
418   278
848    18
412    41
560    18
683   670
210   276
258   344
779   533
857    78
785   419
801    24
946   140
402   996
426   260
357     7
247   881
